14
5
70
6
141

  19   21    6   19    7   12   16    6   16    8   14   21   16    3 

  26   69   62   71   18   13   54   13   38   50   20    8   12   16 

   0   35   78   76   98   55   52   38   86   89   80  102   29   52   28 
  35    0   61   60   91   81   41   13   85   95  101   98    9   23   39 
  78   61    0    4   38   87   27   49   41   59   91   46   68   40   56 
  76   60    4    0   37   84   24   47   39   57   88   45   66   39   53 
  98   91   38   37    0   84   51   78   18   34   76    9   97   74   71 
  55   81   87   84   84    0   66   75   67   57   27   83   79   85   44 
  52   41   27   24   51   66    0   28   45   57   76   57   46   27   30 
  38   13   49   47   78   75   28    0   72   82   92   85   20   14   31 
  86   85   41   39   18   67   45   72    0   20   60   17   89   71   59 
  89   95   59   57   34   57   57   82   20    0   44   30   97   84   63 
  80  101   91   88   76   27   76   92   60   44    0   73  100  100   63 
 102   98   46   45    9   83   57   85   17   30   73    0  103   81   75 
  29    9   68   66   97   79   46   20   89   97  100  103    0   31   38 
  52   23   40   39   74   85   27   14   71   84  100   81   31    0   42 
  28   39   56   53   71   44   30   31   59   63   63   75   38   42    0 
