22
3
4500
10
259

 125   84   60  500  300  175  350  150 1100 4100  225  300  250  500  150  100  250  120  600  500  175   75 

  59    7   44   48   79   76   25   43   70   78   29   29   19    3   26   18   13   54   30   49   50   13 

   0   48   42   50   63   65   36   28   45   38   34   23    8   31   50   66   55   64   23   44   51   61   81 
  48    0   16   19   79   78   14   58   66   47   40   34   42   37   44   40   31   59   66   83   72  103   97 
  42   16    0    9   86   86   22   60   72   53   46   37   38   43   29   29   19   45   57   71   58  102   81 
  50   19    9    0   94   93   28   68   80   61   54   45   46   51   28   22   13   42   64   77   60  110   81 
  63   79   86   94    0    5   66   36   18   33   40   51   60   43  107  115  104  123   79  101  113   58  144 
  65   78   86   93    5    0   65   38   20   33   40   52   61   44  107  115  104  124   82  104  115   62  146 
  36   14   22   28   66   65    0   44   53   34   26   20   30   24   48   50   39   64   57   76   70   90   97 
  28   58   60   68   36   38   44    0   18   21   23   25   26   24   75   88   77   91   44   66   78   47  109 
  45   66   72   80   18   20   53   18    0   20   27   36   43   30   90  100   89  107   62   84   96   51  126 
  38   47   53   61   33   33   34   21   20    0    8   20   32   11   75   82   71   92   58   81   87   66  117 
  34   40   46   54   40   40   26   23   27    8    0   14   28    4   69   75   64   85   56   78   82   70  111 
  23   34   37   45   51   52   20   25   36   20   14    0   16   10   56   65   54   73   45   66   68   70   98 
   8   42   38   46   60   61   30   26   43   32   28   16    0   25   49   63   52   65   29   51   55   65   85 
  31   37   43   51   43   44   24   24   30   11    4   10   25    0   65   72   61   82   53   75   78   71  108 
  50   44   29   28  107  107   48   75   90   75   69   56   49   65    0   24   20   17   52   58   35  109   54 
  66   40   29   22  115  115   50   88  100   82   75   65   63   72   24    0   11   28   74   81   58  126   72 
  55   31   19   13  104  104   39   77   89   71   64   54   52   61   20   11    0   31   65   74   54  116   72 
  64   59   45   42  123  124   64   91  107   92   85   73   65   82   17   28   31    0   63   63   35  122   44 
  23   66   57   64   79   82   57   44   62   58   56   45   29   53   52   74   65   63    0   23   38   60   68 
  44   83   71   77  101  104   76   66   84   81   78   66   51   75   58   81   74   63   23    0   30   72   53 
  51   72   58   60  113  115   70   78   96   87   82   68   55   78   35   58   54   35   38   30    0   97   31 
  61  103  102  110   58   62   90   47   51   66   70   70   65   71  109  126  116  122   60   72   97    0  124 
  81   97   81   81  144  146   97  109  126  117  111   98   85  108   54   72   72   44   68   53   31  124    0 
