31
5
100
20
416

  19   21    6   19    7   12   16    6   16    8   14   21   16    3   22   18   19    1   24    8   12    4    8   24   24    2   20   15    2   14    9 

  53   25   17   80   68   22   52   12   59   10   77   17   46   40   69   66   66   56   37   35   59   26   27   59   51   13   45    9   50   79   61 

   0   35   78   76   98   55   52   38   86   89   80  102   29   52   28   82   26   75   77   74   37   65   85   79   26   76   22   26   85   63   17   73 
  35    0   61   60   91   81   41   13   85   95  101   98    9   23   39   98   11   43   78   42   68   31   92   65   40  102   20   47   79   81   20   40 
  78   61    0    4   38   87   27   49   41   59   91   46   68   40   56   78   60   42   42   44   88   49   59    9   59  101   59   65   29   72   66   48 
  76   60    4    0   37   84   24   47   39   57   88   45   66   39   53   75   59   43   39   45   86   50   56    8   56   98   57   62   27   69   64   50 
  98   91   38   37    0   84   51   78   18   34   76    9   97   74   71   60   87   79   26   81   94   86   36   30   73   91   83   77   13   64   90   86 
  55   81   87   84   84    0   66   75   67   57   27   83   79   85   44   37   71  107   58  108   22  102   53   82   42   22   62   35   75   22   64  109 
  52   41   27   24   51   66    0   28   45   57   76   57   46   27   30   67   37   44   40   45   64   44   55   27   33   84   34   40   39   56   41   48 
  38   13   49   47   78   75   28    0   72   82   92   85   20   14   31   87   13   38   66   38   64   29   80   52   33   95   17   41   66   72   22   37 
  86   85   41   39   18   67   45   72    0   20   60   17   89   71   59   44   79   81   10   82   78   85   21   32   61   74   73   63   13   47   80   87 
  89   95   59   57   34   57   57   82   20    0   44   30   97   84   63   27   87   97   19   98   73  100    5   50   64   59   80   63   32   36   86  102 
  80  101   91   88   76   27   76   92   60   44    0   73  100  100   63   18   91  119   53  120   49  117   41   83   62   17   82   56   70   21   85  123 
 102   98   46   45    9   83   57   85   17   30   73    0  103   81   75   56   93   87   27   89   95   94   32   38   77   88   88   79   19   62   95   94 
  29    9   68   66   97   79   46   20   89   97  100  103    0   31   38   98   11   51   82   50   64   38   94   71   39  100   19   45   84   81   16   47 
  52   23   40   39   74   85   27   14   71   84  100   81   31    0   42   93   27   25   66   24   77   18   81   45   44  104   31   52   62   79   36   25 
  28   39   56   53   71   44   30   31   59   63   63   75   38   42    0   61   29   65   50   65   36   59   59   54    3   65   20   11   59   43   25   66 
  82   98   78   75   60   37   67   87   44   27   18   56   98   93   61    0   89  110   38  111   57  110   24   70   61   33   80   57   55   20   85  115 
  26   11   60   59   87   71   37   13   79   87   91   93   11   27   29   89    0   50   72   49   57   39   84   63   30   92    9   36   75   71   10   48 
  75   43   42   43   79  107   44   38   81   97  119   87   51   25   65  110   50    0   78    3  100   14   95   50   68  126   55   76   70   99   59    8 
  77   78   42   39   26   58   40   66   10   19   53   27   82   66   50   38   72   78    0   80   69   82   18   33   52   66   66   54   18   39   72   84 
  74   42   44   45   81  108   45   38   82   98  120   89   50   24   65  111   49    3   80    0  100   13   97   52   68  127   54   76   72  100   58    6 
  37   68   88   86   94   22   64   64   78   73   49   95   64   77   36   57   57  100   69  100    0   93   69   85   33   42   49   25   83   38   49  101 
  65   31   49   50   86  102   44   29   85  100  117   94   38   18   59  110   39   14   82   13   93    0   98   57   61  122   45   69   76   97   48    9 
  85   92   59   56   36   53   55   80   21    5   41   32   94   81   59   24   84   95   18   97   69   98    0   50   60   56   77   59   33   32   82  101 
  79   65    9    8   30   82   27   52   32   50   83   38   71   45   54   70   63   50   33   52   85   57   50    0   57   94   60   62   20   65   67   57 
  26   40   59   56   73   42   33   33   61   64   62   77   39   44    3   61   30   68   52   68   33   61   60   57    0   63   21    9   61   42   25   68 
  76  102  101   98   91   22   84   95   74   59   17   88  100  104   65   33   92  126   66  127   42  122   56   94   63    0   83   56   84   30   85  129 
  22   20   59   57   83   62   34   17   73   80   82   88   19   31   20   80    9   55   66   54   49   45   77   60   21   83    0   27   70   62    8   54 
  26   47   65   62   77   35   40   41   63   63   56   79   45   52   11   57   36   76   54   76   25   69   59   62    9   56   27    0   64   38   30   77 
  85   79   29   27   13   75   39   66   13   32   70   19   84   62   59   55   75   70   18   72   83   76   33   20   61   84   70   64    0   56   77   76 
  63   81   72   69   64   22   56   72   47   36   21   62   81   79   43   20   71   99   39  100   38   97   32   65   42   30   62   38   56    0   66  102 
  17   20   66   64   90   64   41   22   80   86   85   95   16   36   25   85   10   59   72   58   49   48   82   67   25   85    8   30   77   66    0   57 
  73   40   48   50   86  109   48   37   87  102  123   94   47   25   66  115   48    8   84    6  101    9  101   57   68  129   54   77   76  102   57    0 
