9
5
50
4
117

  19   21    6   19    7   12   16    6   16 

  53   25   17   80   68   22   52   12   59 

   0   35   78   76   98   55   52   38   86   89 
  35    0   61   60   91   81   41   13   85   95 
  78   61    0    4   38   87   27   49   41   59 
  76   60    4    0   37   84   24   47   39   57 
  98   91   38   37    0   84   51   78   18   34 
  55   81   87   84   84    0   66   75   67   57 
  52   41   27   24   51   66    0   28   45   57 
  38   13   49   47   78   75   28    0   72   82 
  86   85   41   39   18   67   45   72    0   20 
  89   95   59   57   34   57   57   82   20    0 
